Exemplos de matrizes para os casos de teste

==========================================
Dimensão = pot(2)
==========================================
determinante = 0:
8 5 3 1
2 7 4 9
6 1 5 4
16 10 6 2

det(A) = 0:
1 2 5 6
2 4 7 8
1 0 1 0
0 1 0 1

det(S) = 0:
1 0 1 2
0 1 3 4
1 0 2 3
0 1 4 5

determinante = 9:
2 3 1 0
1 4 2 1
5 1 3 2
0 2 1 1

determinante = -14:
2 1 1 0
0 1 0 1
3 0 5 2
0 4 1 3

==========================================
Dimensão != pot(2)
==========================================
determinante = -816:
1 0 0 1 2 3
0 1 0 4 5 6
0 0 1 7 8 9
9 8 7 2 0 0
6 5 4 0 3 0
3 2 1 0 0 4